20
6.449201364996208 9.417345564193496
4.269326730596811 8.746581970283758
2.535227985347872 8.047898158960834
1.2941493019874784 7.134454643234273
0.6508990212356591 4.894113227002813
0.5659750304618727 3.9904379701970285
0.5592173929053601 2.714642114115451
0.5660294031123136 2.3484610192595703
0.694615265858558 1.70320919785366
1.0766977621792695 1.2763940578499433
1.9571993040164293 0.6136871025729651
3.0118144114508274 0.2687943316967656
5.294010585810897 0.5766195635316296
5.5573928390788785 0.6614194151055353
7.351394913321271 1.4468029161981055
7.845374443986071 1.8589430386192107
9.482237905615877 3.4082672480351803
9.170596721243271 6.202071159791618
8.403845651739825 8.6460954035256
7.597673964897485 9.319297626178983
