20
9.338870695499965 8.217601343533666
3.3348590823936606 8.109129814828549
1.9428317962795405 7.778490143019784
1.5489803906698751 7.4603946467604345
1.0229902282374015 7.005575098886668
0.4014327400951012 6.239582456373234
0.3053008405631108 5.712706772690566
0.0704529240420404 3.7470015127694447
0.3334411339422949 2.448831973398191
1.0750046664786095 1.0357238893752918
1.1637861664460403 0.9769381468238647
1.5488366433946033 0.8284053186059692
1.5610067482530943 0.8270341219251653
3.4599241755751518 0.6346421001877145
5.658546032843539 0.9907560789275671
7.070728726393355 1.84998385077502
8.415281236730323 3.6783131006700187
8.632404267279242 4.008003096212388
9.126933188960223 6.645187786806631
9.29922425369764 7.726166554977096
