20
4.079844904056911 9.749411504970698
2.537456334562381 9.66147770063818
1.483245850018421 9.049243926952967
1.1152366031282535 8.284193838169298
0.8068955022620417 6.557523604545433
0.7569830511490128 5.997954498944114
1.1142718206233115 4.073553082911781
2.447522432196881 2.9348421149152824
5.035858952658275 2.961980789044566
6.130940178838182 3.1385338796047737
8.473004740370973 3.9351293353443264
9.838920625326345 5.030516790466006
9.651161773824427 5.649771676378927
9.148614847150416 6.913157742703637
9.111594484130489 6.990333980115713
8.562019902221898 7.513436760018889
6.753003473782932 8.848485025193861
5.666135646759694 9.447329377049472
5.038116980467391 9.66019932031622
4.2269583032347 9.740981434784485
