20
3.1322320709871496 8.558999731161489
1.8349049747398782 8.512125862754802
1.3573906409284286 8.446378037034972
1.185465403869892 8.278507462022656
0.580910269607996 6.989126201112107
0.27463883376186327 5.414413716645985
0.7278429475288251 3.172649905258158
0.8245989879177595 2.9822436657574714
1.8750872225300685 1.5608782206982452
3.7454613315846865 0.4202427724695912
3.9968508731982864 0.27916567721659624
6.118078904414432 0.2611612384603035
7.61115719923791 0.5961742552136307
8.656102666851872 1.2557781838593973
8.666926555195792 2.6418099057597044
8.644229518526188 3.6897561922478284
7.813750234722631 6.4498512784040845
7.141086960818078 7.716817030957345
7.068235745345911 7.786987009101284
5.973514787341088 8.29919515413245
