25
7.279895961136516 9.72850768045778
3.243394956026371 9.258781993465684
3.032240905454704 9.211165135515827
1.9496166238979362 8.820648970347957
1.421639856379281 8.540995597925056
1.201730239190948 8.186475639201506
0.7041637255365107 7.178818816201885
0.3780254308933073 6.045838752010104
0.23534068283170284 4.722019588021452
0.2732721664640081 4.412550887647858
1.4934325741661136 1.6655115667007792
1.7544454675034027 1.408626690720648
3.9020514445061307 0.6617899914630665
4.52500024958293 0.472733632983946
6.757706673096566 0.22735151615672078
7.253573915552378 0.2443630670346697
7.919267094986598 0.5645954440089318
8.520263542620144 0.944807703470153
9.411798098414014 3.297998346944764
9.911252429011087 5.5132277023215925
9.785668117183743 7.544368826339828
9.737108997539536 7.761078717563614
9.158911473438833 8.626770021872263
8.539080030723946 9.194443711428328
7.955039063745307 9.539992829614665
