25
6.711366381395486 9.728520797603233
5.75415452537991 9.664335358761605
5.200932184420487 9.614921356172024
4.292612061880099 9.387262404192361
3.5548555188569795 9.103247175876284
1.8172535188709182 8.31917504350067
1.3392444727289587 7.825705791858414
0.8830742902380939 7.241891189653199
0.6150525607627011 6.759226997830117
0.6692227771896408 5.360692807901348
0.9925315311015703 4.554380568533628
1.4365330136053711 3.9272479924818136
2.2099717263365726 2.9448372450924887
4.753033180352989 1.135863722003444
5.865182168468582 0.9271200352868358
7.257174846552862 0.7165751365923279
8.202378950418566 0.6076722026310033
8.541162740480615 0.5750101645354566
9.553427067814546 2.1595880183616742
9.994620989307274 4.624820851358864
9.979860591156003 7.58707586864955
9.692377948542982 8.344866527700539
8.907805111250038 9.226460499024082
8.527891387257553 9.338974004578201
8.032669928257988 9.455797734568646
