25
4.102535369933066 9.848898087645324
3.398327067795651 9.462918015035282
0.6804001656517711 7.599103868881436
0.4283682002372169 7.347231799542607
0.3064215730868025 5.561565536354115
0.26442391456466097 4.902083431398324
0.29309154114249725 2.9481366839218817
0.3110026761795881 2.8927004308662307
0.4527907331495684 2.5476204285153736
0.9433870921993504 1.8935928251847611
1.6043774152515433 1.4259458944840864
2.5620441834018317 0.9987196484364369
4.183982559131937 0.7282760237369135
6.20083381206685 0.5691087074341838
7.827085195977844 1.0402483555703979
9.399806533579909 3.2025272638560165
9.517969808624837 3.5861012781145307
9.80195050802514 4.960474030698584
9.484616097142021 6.861959507565438
9.29408701183967 7.123887584192207
9.238998072213532 7.190500336639639
8.565208136767021 7.80524394676553
7.292577787978832 8.861424383503971
6.679986590428887 9.133205694235873
5.28347054302099 9.612898294419495
