25
2.5920208129738844 9.856062558284183
2.233745061108362 9.558563037893396
0.28722604446986155 7.614000498156059
0.1519714730363042 6.837675547466327
0.2308801436268204 5.02469223865997
0.4968230180812583 1.1528424115551805
1.4711647362080893 0.164719410720644
2.0468080672741316 0.16543020625227167
3.2722414546875953 0.1687871260659457
6.058801481168851 0.23239468119160556
6.976514497416122 0.37666196195554114
8.176644563126521 0.5756618062364427
9.370561683127526 1.1174725003133446
9.421389104654658 1.1618113340178893
9.584970818122812 1.965213470945687
9.694045324563309 3.453239507088753
9.606996712758958 5.153454581375481
9.58520381251904 5.425582886159611
9.433178606939766 6.218347705198664
9.017560650648296 6.7924110717713635
8.690126004528727 7.218182359373117
7.756446126781189 8.002741081094756
6.79888237548092 8.757887813404613
6.248029477219554 9.153047945944838
5.254718063456474 9.828613604338024
