25
5.971961788270002 9.228193400238986
2.9929375238016966 8.51624963464523
2.582907170499368 8.395029527429088
1.4677979721267875 7.484572841893637
0.9978489334260732 6.478802172677499
0.9517804633609039 6.307463931299485
0.6430408347398586 2.28112405011471
0.813912533057759 1.966107558797472
1.8373259993868296 1.2399428459298667
2.1670258081814953 1.0856439790960304
2.228644225531422 1.061221423775629
3.0674013309701023 0.8062355820969325
4.122443850501409 0.6871677726335479
5.769921448118021 0.6144663382569615
5.925564272586168 0.6350157573958826
7.568958528598141 1.0221489183399335
8.585795082838159 1.5792751627781776
8.94133444585669 2.082469976011266
9.356529942975756 4.863943735505626
9.418720567628194 5.4963466310205025
9.513110583623343 6.666675997754007
9.101207939107347 8.334001190357258
8.902190525341604 8.876540019266141
8.752986145811345 9.020202724800958
7.256593345545454 9.152766450237289
