50
3.4775352749982047 9.625537384768117
3.159170923624466 9.6236253192036
2.194596930511433 9.582668093678219
1.860408688990287 9.555174402389849
1.3126520947627573 9.491292808917743
0.9889721079490876 9.396366287573358
0.9596556520733568 9.383270190630892
0.7026152017558118 9.061417128523367
0.627393929332628 8.953093604063467
0.4186818621095878 8.528229297221934
0.13048346861112448 7.578475868767832
0.05712368379495403 7.3257359290456385
0.0488087956032901 7.223912460226234
0.02630503561679376 6.915748656775428
0.02142436380933921 6.630537512957871
0.3252753773656458 4.842952558590582
0.45229204996408146 4.118404624435863
0.4799214225333137 4.019409513775914
0.6218337041885569 3.530389009258461
0.715894019100114 3.361032773485393
0.8128586954758132 3.2107086720171605
1.0067941040899975 2.9107870224764487
1.5818088404292852 2.23403348644734
1.8055784444903822 2.0191328820336985
2.155810311117089 1.7517059137576563
3.0653443756391097 1.1495879789094787
3.485514518047861 0.9166835545040863
4.888728437220018 0.5103984965418162
5.038228045295821 0.4778744834009008
5.349910288993604 0.4233200755423361
5.6485821122004065 0.40693845134723405
7.753620716590046 0.3987536583330853
8.95405967639921 0.534359438810974
9.3162099237422 0.634558149717126
9.426902949019341 0.7159004871919317
9.563765036584757 1.0903740334955347
9.609024661585147 1.4193900847779573
9.651529626730058 1.9109258142124397
9.690023843517187 2.882153257699309
9.621712456274299 5.095029715003971
9.60395252201965 5.232505589249325
8.999699343312908 7.381909254295692
8.864374336533437 7.671819887621415
8.718887299522507 7.951102353477875
8.33786001447029 8.261015296732836
8.232652129164528 8.31285916270694
7.430439602710777 8.705704395284958
6.06438990366176 9.171349074784276
5.655329393523911 9.29628606350979
4.538807599831875 9.605397877001254
