50
4.615165825252399 9.932299812577899
3.820206065124622 9.802754365080595
3.2243160230317116 9.633851996433613
2.197019742640507 9.342342723658813
1.7665550933446372 8.995148278789618
1.5405862730195552 8.804097441370525
1.41626389039746 8.477618153349203
0.6056672761855542 6.21956245426087
0.5848223159587929 6.150785537212997
0.5191469834753248 5.750401651113924
0.5009526863086944 5.6314448661499314
0.36736109544181494 4.743680369039966
0.3402621997959254 4.534867756336154
0.2885154707515447 3.8243010961443034
0.2520206188252938 3.281143661125332
0.2125122672409041 2.6188905481791047
0.2543453483329283 2.500729738747892
0.4385473902334025 2.1345171638569527
0.753646186975544 1.6841105593991423
1.4086869436828664 1.0430367849835254
1.6015961273689872 0.88174546286234
1.7189106299336732 0.8100861833381112
2.482269410991872 0.3479695976480701
3.2465201819792746 0.22443953137151196
4.0711920919941615 0.19847064486868904
5.358404987453314 0.1720607443498401
5.9381749004107025 0.2551990628348877
7.062822419632128 0.533969042068716
7.798405492789401 0.8090745591162307
8.359243065321179 1.0943408089336015
9.167253131704413 1.7581204882357793
9.428527314928004 2.1369215544039974
9.636122362873262 2.569759625317581
9.694323363157721 3.0842404018168077
9.67452457793254 3.798142143088634
9.590667589832853 4.424518354768531
9.392393155365003 5.621080735026352
9.098902679345779 6.786778471641268
8.969012408401557 7.0798018766161785
8.742399593619789 7.547517515476196
8.610410976346706 7.803093999523356
8.49071154987893 7.947577377300663
8.245323024107034 8.225940074950056
8.14069951741146 8.320314388901295
7.9410920705839345 8.466949099077143
7.089729947100672 9.083867251055812
6.615012169884883 9.318218835081737
5.891960388651852 9.628471003337488
4.9495461203620605 9.897193858414035
4.82703272840396 9.929100644553811
