50
5.060527357296621 9.91459841122936
4.54517531117026 9.86455976074492
3.7620405024063555 9.787069606631185
3.5001678542152748 9.748844013163726
2.7713093300072655 9.507227381768184
2.106979768935213 8.942639254097426
1.4542516215218615 8.301982912378458
1.1637186192018878 7.964170135895575
1.01701234079688 7.781897447351503
0.789899842874161 7.421207816052203
0.38624164725582943 6.767498526666626
0.2681489838919904 6.546095774633781
0.14509954111657675 6.218515763498672
0.19967505969571753 5.961077477128609
0.3454201130529544 5.292804992169799
0.39985462321144416 5.052418017628369
0.5273713070216024 4.503588197464749
0.8020112837134885 3.6985433823055267
1.098993888528218 3.0254700223941047
1.5112275349363835 2.156715249471014
1.6385010410001033 1.9844732282787636
1.7333877364754613 1.8642376384069037
1.886577109418941 1.6929849191645818
2.182299802871639 1.4539133395997117
2.824676484114641 0.9505317666712676
3.3689545640626073 0.6328360270977595
3.459521731241675 0.6083261897859704
3.9110134166962993 0.5021796357785946
4.839805178503806 0.3248554818813809
5.611508323113304 0.1924714929147453
6.260657496509298 0.16120980444605637
7.4458479909719575 0.14002605081636643
7.967664036455355 0.253784824434069
8.99233849144642 0.9292295234627101
9.360096775463395 1.2226757991473025
9.502230809148749 1.6911887350153998
9.591644797571984 2.3320178060313723
9.636284641456118 2.9892338839673096
9.64519259982392 3.2236853952502456
9.43183206845041 5.606310864699958
8.964869792407452 7.28204248825365
8.860262619286942 7.617692642858341
8.60443849752454 8.282111430153847
8.396141217440787 8.60485687759277
8.287002701095922 8.71508081821527
8.084436071552796 8.85898253883641
7.020957364940181 9.444371871673592
6.806263432720345 9.554069689446088
5.850935603007523 9.807715140834702
5.546425048599824 9.864916041184134
