50
7.416715488160937 9.88692853266545
5.584552851801816 9.697621870181706
5.18632984732551 9.653487380288302
2.9062638115581807 9.355495217811912
2.5747460191861506 9.247034307445448
1.9763485021374316 9.038386650720323
1.1855374177771505 8.719634631408882
1.1586897658901085 8.706250330760104
0.8762853052322228 8.512447421790345
0.8547500481171855 8.491457700428528
0.5818107131304151 8.043133814296716
0.5225456867042111 7.9430813377997875
0.4330672936661184 7.603268922822835
0.3554961494580178 7.230307221099609
0.28998956143171495 6.645980275550895
0.290614163567372 5.878255934012426
0.3146716054942966 4.469940963575617
0.4537360014978009 3.8575787217130655
0.608698824981081 3.3760675688027533
0.9827876229539312 2.4253051228377887
1.4019180302063794 1.7136604188069882
1.6538694349737415 1.3560127332318728
1.9817880990132664 0.9686688588549541
2.1544473170367495 0.8543627162849898
2.500261378305911 0.7364555254885718
3.3790659598543615 0.446083278064654
3.4677223304408433 0.4175358760540093
3.9089950699865526 0.34545285313320684
5.481585575399336 0.12870634004574444
5.837357796148945 0.14410921530017218
6.544663989538428 0.21336797645154615
6.9033771336348435 0.24945426525180947
7.033680854173249 0.26933899990069343
7.084171712119598 0.2785109572807931
8.075641774820763 0.5056193406996023
8.479815820325333 1.0219009465774043
8.764698996066153 1.4441582449386603
8.850034709912366 1.5727423954213726
9.464669899367841 3.0063191209627793
9.536220994659026 3.2002735963771176
9.658617383610956 4.014755795451338
9.736134356212695 4.875863272120088
9.80047890622255 6.912372112983862
9.618727263672687 7.6757457730018945
9.352666313615627 8.269544901988777
8.809082246938537 8.986634201023284
8.794880761036925 9.0050389774434
8.700529145762845 9.125823821100903
8.314281600747154 9.523020764089523
7.608923395169828 9.824214730917173
