50
2.8624564116818108 9.848147894214451
2.5069665713795297 9.83836737475725
2.2170748105296303 9.775137547739183
1.334395320016979 9.474768202153772
1.2678047681409788 9.45143842798773
0.9661656491599235 9.315385252439542
0.6639720764984325 9.140597418277785
0.39518460184218007 8.450044768599724
0.29492530221591595 7.931996741463289
0.2620203104005092 7.456113399837584
0.2769411138207456 7.318647667796062
0.3687930258842831 6.487272285008114
0.533047791427772 5.546666206310692
0.902792573283816 4.262930878544493
1.0236588402883673 3.8747850744577916
1.063749168562993 3.75984236591795
1.6405913213406498 2.965618021387958
2.1843924790449765 2.25893554782039
2.5007629546662526 1.88946219900482
2.8408110739865142 1.5571323597196551
3.217155250590417 1.2551136395296159
3.455863052804756 1.101951402589031
4.11566052964885 0.7451694203078485
4.6496729275521105 0.507197909947178
4.764826849881399 0.5105758706845342
4.944643051834482 0.5178835376393831
7.07721197321373 0.9056159791142326
7.465033295782355 1.0103563770995105
7.93398563547669 1.2025421593435492
8.34128064588503 1.3999497984323694
8.443926334590554 1.4804129685398792
8.834813535079446 1.8981376107524006
9.425672891178701 2.639434080826657
9.794533017926367 3.1598266186556834
9.95281847261605 3.422635229806467
9.958164339791296 3.442035251554284
9.823779144482991 4.709521705910583
9.635385975990168 5.393923675072404
9.287941716786705 6.636308667481863
9.043465765819759 7.169998107112083
8.769750348196435 7.592974403890463
8.588561516803535 7.868172667429234
8.431928606031864 8.03207055533273
8.143124567236162 8.276375965587146
7.542412700119962 8.710851355782392
7.165557237058572 8.973449920696385
6.88314702314564 9.155349273108113
6.5321940237363405 9.321249259048036
5.540620056230337 9.559217829168889
4.547336533459826 9.69042255449602
