100
2.588008712899683 9.917589983680294
2.430408439393706 9.910228470632422
2.196131946906741 9.891807510440223
2.0839337039774595 9.852027641389306
1.8106003838424845 9.727743529746565
1.4638290485694128 9.540068443091798
1.2413376571600865 9.419162287541708
1.093726847573 9.293312377280866
1.0105685733584735 9.214968278556523
0.945529755290101 9.147361849736374
0.780832888485149 8.96734242793741
0.6783386070334851 8.855110872076342
0.6179209363640392 8.780060109263975
0.4232702220116813 8.482327164234219
0.38271234490784956 8.35594689192867
0.22385949069094857 7.561175225128273
0.08893031081728342 6.690073191127431
0.032836694428922675 6.262197453351281
0.02069903245332738 5.976477043116385
0.01074504967986889 5.1869889741584005
0.006742529095006278 4.815408349481834
0.006489327420349245 4.616828083767333
0.04458697182856297 3.7664718859003923
0.08058667381705575 3.5649132773371814
0.1405011239042897 3.2678813124228547
0.25689515939656293 2.8798570635003227
0.3083640830968226 2.727352996865846
0.3426912466771159 2.639835202671066
0.3724538801987587 2.565436462725952
0.6514532651494387 1.9018473919930756
0.886548318595135 1.5055128851613242
1.0080762448155867 1.3230163463383837
1.0615833158232801 1.2438895094928415
1.1760246183261003 1.0950021772823115
1.2847618336869715 1.0335032278443934
2.124719375694739 0.5648137867771297
2.1621461732592753 0.544302306500074
2.3924546141600347 0.43285073675146557
2.451440966378998 0.41006959401357124
2.5904890652156287 0.36677266052243973
2.8444131836627387 0.3069641889751984
2.974174353882483 0.28611413020832366
3.8854324455664413 0.17051609176382598
4.315751606843284 0.13541732320894395
4.944206764332372 0.12803885673080662
5.616679247529387 0.1890511794847194
5.881346351875889 0.22298311537931603
6.24259762588348 0.2870737638985854
6.520132384300169 0.34150114628126005
6.752444237905076 0.3951528081497868
7.0214245062100265 0.457866664574742
7.389511968454836 0.5712716700464859
7.608722151452625 0.6472787720064732
7.822649750637787 0.7399271553726117
8.023572849796421 0.8449747063483437
8.152400549137987 0.9142754984291124
8.24402706217201 0.9654884599280111
8.497118314453493 1.1532662986260334
8.79533408244453 1.3760708229970653
8.883395327512197 1.5138959415710795
9.206407066282067 2.1949448465111754
9.365562603975567 2.626004362156691
9.478883693456101 2.9635572718087766
9.636296299728018 3.475687001157718
9.682193782232227 3.680856301289055
9.702082458069144 3.7736605198326814
9.74670668126738 4.173824705303396
9.773521862361017 4.4758667046486
9.77351152387875 4.589827053997847
9.761256937539876 5.513750363909679
9.751448951600842 5.721667316026064
9.739813895320902 5.9011458345083945
9.689891540392521 6.334059251132604
9.636118903884274 6.572669055627097
9.537216952035095 7.010104302568292
9.447853516481993 7.368750823736051
9.292911292020868 7.754085921025568
9.237769477318697 7.834787097948293
9.037851276726398 8.002527199066105
8.782503291993747 8.212757030000963
8.649312577951653 8.322368144586918
8.279224880931112 8.624254137700984
8.238498845449506 8.652632471037426
8.04924571517984 8.76292211428736
7.94115889401845 8.824023147091449
7.812052948391538 8.895241228396337
7.698172560622738 8.952070509517242
7.564207300795513 9.003313007657002
7.071889374649861 9.17699545997232
6.741446640616809 9.273761279609232
6.545076531246366 9.326992568631525
5.5105575999384 9.607241623002224
5.1916713070253016 9.681682934055573
4.995660366520128 9.712300063514444
4.4993609481712955 9.785659545516035
4.200123482663816 9.827828152233145
3.9460538037903 9.856937266804268
3.6712546964186643 9.876477144054597
2.9237607684056197 9.914052018744004
2.6469748699520634 9.916982878117183
