100
4.428734369380315 9.886217067036165
3.8918703195256397 9.882212860524184
3.794777716031237 9.879010809171668
2.606021740311002 9.836981783764596
2.3217127275135696 9.799051542527765
2.1123985778132193 9.732132487920898
2.0037602055482253 9.668746143519979
1.7963789425975385 9.527182331309735
1.5782257697923718 9.350086621549618
1.4713607156533204 9.195688225499264
1.0619800001121515 8.602720092509466
0.9149360670307594 8.326858848241644
0.7939802232342696 8.096323952666808
0.579994358565592 7.6511682457712595
0.5134060027732223 7.506656416764711
0.42258661293763433 7.309160528418696
0.3794963899691506 7.194507651309588
0.24387398408124206 6.827809017160509
0.19488877513011094 6.6866933234104176
0.16685874804916234 6.538252518616233
0.1323734755835515 6.344421887305721
0.09394791444464534 6.0278265336012415
0.08705660592464026 5.967080280737677
0.06957434429959775 5.574481937879254
0.050451973833709474 5.086821410350542
0.046392399246284466 4.971785917832442
0.0330735525789394 4.360820560627408
0.032784021880166714 4.319926791126154
0.04126350507482224 4.239067204157379
0.051421013342168864 4.17231927080479
0.07777778893684029 4.015734441517447
0.25275127803841446 3.1439171051241965
0.2669383829910754 3.074579757227646
0.37042976922866844 2.701572762329131
0.47168516681199923 2.3414500631572044
0.4975143250556813 2.2512294273884557
0.6038678562296529 1.9701423562329357
0.6770411799987264 1.7994131314529926
1.013164787634705 1.4477455817965401
1.1247980704445226 1.3416728389961763
1.3664433265956488 1.1240073927780203
1.7728385361383847 0.7649880379906215
2.0810614730520802 0.5405596364400056
2.2715761005802637 0.4585733318636931
2.3478361205650735 0.4262227027106513
2.5231512276802484 0.3522813476580422
3.0498759763357386 0.1705178024433296
3.4857371420824066 0.1221237553814769
3.78875768384928 0.09082358919061839
3.9138994288812623 0.07806285416902536
4.211334699858313 0.07830552951484715
4.9428494565584415 0.1059231378888914
5.363477148069453 0.13253133073003243
5.6422020977874645 0.1608233943146764
6.19269985098223 0.2272439142920446
6.486228019159764 0.27721073544819674
7.033508707125138 0.3703744732999892
7.215208729744558 0.40693221958819636
7.461696091824468 0.5140089985601781
7.567678733026753 0.567462168361007
7.752934238211693 0.6703831646144032
8.21592668148541 1.262773218915857
9.027373199082836 2.330159921147128
9.171922561631256 2.5434334977047324
9.279803831433755 2.7362694328217554
9.580866898977717 3.3802002695586997
9.68952335977892 3.6325555038763313
9.754120391666175 3.7906582460066387
9.787159970206611 3.90655573631018
9.836924422706833 4.0984959349981835
9.863060024481532 4.269939813730064
9.877015745003943 4.364428935374345
9.888073421392718 4.592750922304648
9.893539102885557 4.753216716815661
9.852604563473266 5.097970468762444
9.793639131169298 5.545213760345558
9.718753967138625 6.104482940241841
9.679676898146292 6.377708471872769
9.64203926944309 6.615118873582706
9.519760528090558 7.031333197635007
9.44992064354911 7.235178270894412
9.165978291111953 7.715223966532826
8.830427350083268 8.140850126754568
8.661402094096708 8.332707546439561
8.564049241978665 8.432062493598462
8.3659658194525 8.589391435376225
8.211632695229655 8.707835677486084
8.118653883637148 8.77572990391825
7.8367027376906275 8.967507692233381
7.493169902184481 9.189276244197323
7.337377554039275 9.287205421810508
7.041336958028398 9.45944443554559
6.9404052357944215 9.517355548303447
6.847073514470607 9.549286796355341
6.731311038485686 9.588360747728007
6.480402786195443 9.64092877027655
5.549182611906428 9.802477229155453
5.514029489777763 9.807569847443109
5.210742653736686 9.830553830690024
5.052202534555949 9.842131117418967
