100
4.208245412321388 9.853115292178204
4.159675550972382 9.852971740536082
3.8855260411108006 9.8207393325188
3.5336036230119428 9.774373166818803
3.3678322737659827 9.733139051506276
3.2918700234352096 9.711349765738952
3.2529864295410227 9.698669732565147
3.136078398900745 9.659646731072925
2.945831450213646 9.582783145062216
2.6997649128254153 9.4598765938421
2.325679617896478 9.241414198211205
1.961980532883435 9.026855324907366
1.628328951864263 8.82855963522248
1.4129702865261362 8.685077972068353
1.056884687327836 8.417149815262027
0.9355963400341349 8.320239356405697
0.8371901912400037 8.22140123259359
0.8284091696311557 8.2109210267461
0.6570200311379704 7.945056283939214
0.48347806553209915 7.622651869370143
0.41511249811580053 7.428040121693817
0.3549380164445748 7.216195231762103
0.2417294590978536 6.8021083572043
0.185124866364067 6.384867309847781
0.16874636135817078 6.170380141943754
0.16319419408012292 6.039034081506851
0.15818398563193226 5.627819275406097
0.15932756842386042 5.611313872449728
0.16857099952134802 5.545945999313168
0.22095242465864584 5.208708949480756
0.29449160370296434 4.877005218186533
0.5258990336412073 3.8477461527181034
0.6096872003890086 3.549093713541974
0.6777418506182498 3.3410710392521406
0.9679796384238493 2.667645551237828
1.1859505062134112 2.3587770278249396
1.379230452571114 2.1125000309881505
1.525309837266814 1.9551960667543
1.6681799384340545 1.8016476982044627
2.396890879438638 1.1811850751373487
2.5054792070480527 1.1018341974451418
2.8427490225734706 0.8609286843786335
3.114772975845904 0.7141484638667583
3.273727077650083 0.6344947195708495
3.559451994538505 0.5305164241592286
3.898855406867364 0.4167623478681526
4.4455962338240695 0.23776775079605295
4.779078738563323 0.13193730351927613
4.964681579892389 0.07923197743299304
5.029211361506411 0.06315330080487458
5.365726526657707 0.043277277015670856
5.708937852483542 0.026903886696163504
6.3320266343503455 0.004654259816179174
6.564720712407065 0.012702009975948947
6.795909593721361 0.021986256157818795
6.941714512297814 0.029643503091384416
6.978835505242209 0.03791182405817106
7.369575635860464 0.15275943840489692
7.730038767685347 0.2962160785801282
7.792342336300969 0.33041426990670697
7.950792681560185 0.41756214104425315
8.264729106211115 0.6802146765453654
8.522986435360027 0.9327521372750902
8.666775508788577 1.0997316615924535
8.813876704300641 1.3163922472600986
9.043412194492777 1.6898144349191213
9.090888191768435 1.774378718210896
9.288298315377439 2.1400042124759864
9.486235881645754 2.6512139818610523
9.553671200690086 2.865600138340778
9.750671089570464 3.5810175520122556
9.776861980464203 3.72198871479959
9.893322450005952 4.543222658069366
9.888461359681136 4.90319258731161
9.8815750326482 5.402842919683253
9.848502612913661 5.956554155422036
9.774178794942127 6.470417606604174
9.701603533132845 6.868651922047885
9.545724165572787 7.418557134394428
9.536225774869298 7.44972745696219
9.464185716885446 7.670130601151262
9.278130892277106 8.058914828190392
9.242196843403235 8.108895187819732
8.932077514435228 8.426219218758753
8.73814552071288 8.583459223571515
8.400419616192847 8.85666979139084
8.290680986655342 8.937938133594907
7.825674702436643 9.19947891223963
7.717963882179793 9.250993436284686
7.638372264420106 9.288692212732924
7.415757599239635 9.391153880510876
7.131096341859466 9.505094445599259
6.877340345506786 9.59331735498791
6.66103466939702 9.647922849376195
6.348742191741778 9.713780308607781
6.030247525457866 9.749553280895004
5.761401256628066 9.776810660954125
5.680300652042125 9.782574468685949
5.400171708637483 9.79932922975703
5.079463651877187 9.816012139261563
