100
4.68064177317589 9.704172416535318
4.377954129079729 9.701280578363969
4.170399198111095 9.683754904015034
4.139665426755404 9.680277829038802
3.330244398203852 9.567411400925678
3.1783467755421633 9.541892029421376
2.9795369600861257 9.482623489781444
2.214933022922888 9.232674456101927
1.5961137805299275 9.024751579160029
1.5351486986322005 9.00350441889141
1.4935835319664292 8.969757245714252
1.4326259640285754 8.908448279302442
1.2953308413635278 8.747562797183006
1.1189987375082056 8.538630746778543
1.0065805005367245 8.389817184858192
0.7963678810589758 8.083914877422707
0.7514931519903245 8.014876513547282
0.6148173995434469 7.744768771995492
0.5453471121252307 7.546346037378273
0.5396292303056904 7.529202132959936
0.528531286550481 7.494365532416623
0.5004448352304636 7.37673319810084
0.465326659559242 7.224946296007941
0.34014666240419045 6.620345641829772
0.3239407861409671 6.5264970148069406
0.2462987382416515 6.045433447534721
0.15636349760269175 5.437369030321334
0.14898182802128845 5.303833836914692
0.12403463451349239 4.218010013535775
0.13217230936141022 3.7695409165040648
0.18969903958590328 3.029587359235274
0.2325222994385534 2.676665686230261
0.2748368342748164 2.5510784652934273
0.4543834182223583 2.2697815674218482
0.8597162720451013 1.6675935686315246
0.9925722108809221 1.4726142592516667
1.3640664929758217 1.1663566414130688
1.4378418081503408 1.1090898645120018
1.6298531345251077 0.9627417990868792
1.8591823631536353 0.7941353272023954
1.8816549835047691 0.7785507529048286
1.9960610578064342 0.7094867421184048
2.245789463763137 0.5666864992512144
2.465317502030655 0.44383273392785694
2.7327597917057855 0.29808006621307337
2.8802142237568806 0.2413613469796938
3.5556041242545424 0.14825645257206754
3.847923990338402 0.11631288079813062
4.119316133463555 0.09382835697668956
4.140188770790298 0.09213609827301683
4.264945325228384 0.08300782475999302
5.244736434843068 0.04242613319783595
5.3931517628958145 0.04314058542944976
5.857287139784855 0.053310298853560534
5.911715858882012 0.05548008393746917
6.504249586385847 0.11617472319430777
7.043754528405249 0.19281198113731413
7.383642035656839 0.24231119967155657
7.424434407778238 0.25658746862391224
7.808142575415355 0.4538366419467632
8.247904795790905 0.6969775254640143
8.42586280258171 0.7992388171473153
8.456402081506067 0.8178111721630588
8.626672162671229 0.9256630278929023
8.773572521049996 1.0389687513811496
8.906270108839228 1.1504975606060863
9.12323769657845 1.3434331276396339
9.195177994433596 1.4186267458463708
9.360876987313013 1.6079282648497573
9.557041923814007 1.9247719446947087
9.683668581245495 2.1962058181015456
9.690172973103566 2.211740953159188
9.814840720975928 2.555535289270763
9.817294418770901 2.714210396636292
9.817728479294702 2.9287764894315416
9.816496077228496 3.6822490295586885
9.799570957398677 4.384295963971412
9.789531352564882 4.687663641041336
9.75839680599831 5.073216163529866
9.701063501064999 5.7016352638839916
9.657420466716895 6.054270672607932
9.581461616027676 6.59022731438946
9.557178092268868 6.718894718888033
9.339472125406232 7.315725049740348
9.217150255919593 7.602960219938202
9.15708747448258 7.7015397329287225
8.946438585507384 8.010882536021427
8.75818584822296 8.258870736934648
8.727564569945468 8.289380115102835
8.645442365703305 8.35420490709653
8.585819892341748 8.394030246989171
8.130645850086324 8.616481001276066
7.61782463018789 8.84874198213451
7.411560855595297 8.94067765502129
7.340869780468941 8.971945588097507
7.1480725556547835 9.055041019085408
7.031027370552935 9.09586009839263
6.4369040500091055 9.267562634145158
5.291979561990582 9.584587324628771
5.050515012512745 9.644744184986662
