100
4.676764593718148 9.915523621687516
4.153195036957616 9.914495458917425
4.037859560614682 9.911061658750882
3.8438821631868105 9.896572324727313
3.7414885867843104 9.880540062292177
3.385377854344267 9.804597291722663
2.9515513657549852 9.630876451420178
2.8548153933329945 9.591215509478403
2.796866907522011 9.555452731601674
2.616139844383544 9.438772244246934
2.523734651242333 9.378460750073446
2.337894112789219 9.23420977095377
2.057009429174259 8.999530218667191
1.8533155050826233 8.823009847639678
1.712981200437217 8.690359224712072
1.5912208810124528 8.571719189444266
1.30728783882192 8.236364676606478
1.2232939201720572 8.131823834363221
1.1607116591266953 8.048375901193138
1.0761464680533206 7.932909352281097
0.5666011857067621 7.204219342365002
0.34417280249905535 6.681826840012334
0.26652176069177025 6.4778449841045695
0.23504300730219585 6.385694890450205
0.16777224834357285 6.115710524877525
0.15946727117208015 6.035254228543937
0.1343419885189423 5.766178507855299
0.13464568561932677 5.3651440342115
0.1422774398659976 5.084694435218547
0.20224429196533888 4.380833596644855
0.20854161765019863 4.321595041151794
0.36904882549742113 3.7211686870976326
0.40466280962868084 3.588408054614395
0.46928390555349364 3.4687761457850597
0.5480799429640226 3.339218157097182
0.8588262941946812 2.9912947804820234
0.908254539253045 2.9359613234299697
1.02327177149234 2.8098584534570517
1.0706630825228725 2.7601114560013364
1.690818675901763 2.197072874018524
2.1128098621373437 1.8198245755001141
2.506747671425699 1.4840990401344667
2.693148733666 1.3269580526843994
2.9675722180134723 1.106993601705658
3.207822823664258 0.9470487194130539
3.3145183855410263 0.8774859748162278
3.507289015339116 0.7592084400827914
3.6384147864597702 0.6829339879279472
3.6554041712608196 0.6738591220833368
3.7540997438080637 0.6333596663757557
4.219321423685866 0.44541108268870366
4.453928841590896 0.3508626992669306
4.935512606235952 0.2329108779160738
5.722394964886534 0.14665556934472024
6.192292765886793 0.10173675873749177
7.073682112912137 0.03348701887512795
7.20460733995115 0.041118612375099506
7.5260149911016985 0.10650841963967816
8.039820531205281 0.2177965072935728
8.134061649858008 0.27760299888141327
8.318334457919487 0.3976483821618837
8.366441297938344 0.4346165238132915
8.497288834456276 0.5381531381803173
8.725477652512089 0.7443497573941182
8.931717958336886 0.9356313324604659
9.241022348075774 1.319926545713277
9.29021983114755 1.419734799639517
9.297136492625357 1.43644160006131
9.68823017898147 2.7981722108708307
9.770743961717635 3.0929858465412674
9.780862945610728 3.182628615705907
9.786038109476143 3.2338886633806982
9.786894188460458 3.4966576365562796
9.781103670688346 3.6568472382062325
9.771142896747822 3.905778443068976
9.696928594474715 4.639682835911043
9.644024990724503 5.142229127249605
9.61798239074178 5.313523450037282
9.567884978459837 5.621714561778802
9.462236347538454 6.175435702767281
9.302752260303244 6.8688238892278175
9.176032032643612 7.180720328178277
9.085468358438366 7.355812632755297
8.991396286936924 7.507929679907942
8.964730707777967 7.548739925215107
8.792443448212396 7.7315100429208545
8.638802565670629 7.881929404834416
8.46879609202791 8.045288815821667
8.068906725854067 8.378867454656943
7.895231104389934 8.503947582475558
7.592098343065912 8.700842330854083
7.220021463960481 8.929320443735488
6.572946099587076 9.321848835501935
6.561177255319743 9.32795094440306
6.3270356903679295 9.441326770416964
6.209876204614394 9.486210456004411
5.379072278056776 9.795382299183201
5.2866650449374974 9.82499905768341
5.2226025767910835 9.842315954162489
5.031899835170704 9.886040045448452
