100
5.349527595519559 9.978645774077293
5.065485466053118 9.958663396747765
4.711407663492092 9.917509087342104
3.966813251714165 9.821200785706782
3.5258095674910637 9.718446069742402
3.182295929087066 9.637251679374874
3.0257764528696196 9.57982111175069
2.6048766443425264 9.41253287497121
2.5833734550744882 9.402985843522991
2.3676669947140407 9.30342431947356
1.6441613733556537 8.732915972074762
1.42585696570652 8.545328766110478
1.1678405232294609 8.319506205653912
0.9764690685850397 7.963623446707607
0.7100776689076593 7.411973037904578
0.6260930772576478 7.227203058253462
0.474642950368811 6.709292801502133
0.2312282164995627 5.863804520924816
0.18602994755035684 5.6159171961920675
0.14357475428020572 5.357902537662359
0.042505934663680245 4.561403958086415
0.04153695681320846 4.521826471359068
0.04150999623300122 4.506130007034078
0.04097059600667974 4.1581482668306755
0.04636689548524364 4.010632813642703
0.1134927037832012 2.8311414386492473
0.1250246179929404 2.695387357452689
0.14728887347525865 2.5685795362347354
0.2073712734298061 2.3240447967985456
0.2841068673565106 2.1534797844815143
0.3045518051764784 2.1120741210159357
0.4464988677660231 1.8774090366252272
0.6589169306618614 1.5963820742650026
0.8996693230470432 1.3201074109576594
0.996910552131921 1.2201553674710774
1.2207738059871465 1.0314796576254848
1.5683409210500021 0.7528182546063278
1.6130030111018923 0.7254485578181447
1.9167997801113235 0.5652641668945757
2.0265343906201494 0.5123039208493274
2.333982364849676 0.3748030963925342
2.460007603777441 0.3222125372035656
2.823614557771872 0.24006171567635848
3.6551249321490364 0.12583623250170595
4.888948030304636 0.05270373146866181
4.978109501740821 0.04925610812920311
5.261477190507758 0.046791581757859024
5.484572234382447 0.04943380294438526
5.649177349463569 0.06573799584106643
6.0651386900064 0.1239498294059238
6.430764048014473 0.18450227740147596
7.223252203231269 0.33869876116304987
7.585292303020415 0.41625212203866613
7.688012349035689 0.44835762000052015
8.082458110205787 0.689930518300802
8.22676820184448 0.7889479908592734
8.419815264500386 0.9313430675953493
8.612229995405293 1.0869426699664897
8.729317348327509 1.188874789005987
8.787552086741556 1.241052462577381
9.120569043362435 1.550133912217333
9.195903399689065 1.6453661143299247
9.337599343986923 1.9080252145822674
9.395137413696794 2.043847982594744
9.504269576522232 2.318408420304946
9.622514304584898 2.641231130131547
9.682979368287825 2.8086843244443838
9.737496966106741 2.9857973733488095
9.80379081569605 3.3196245080697304
9.817146708944492 3.388591931590037
9.870914476960909 3.7591205802080885
9.899109581516809 3.9558726663033283
9.911404735215301 4.06607824043837
9.93993439091928 4.423988724564635
9.945434433682594 4.5102932794121395
9.954044361528853 4.722386457003123
9.955716569395237 5.018350968904274
9.940397947466781 6.113486437966874
9.916443346114228 6.248553574173815
9.792972489746905 6.70038817530649
9.783003983495087 6.734538039559861
9.716673975123072 6.961530298472689
9.559180520616144 7.46732842040509
9.445390836679236 7.754167118207746
9.306109245556659 8.077154848330363
9.175659651361629 8.361439613569907
8.988224804077701 8.632122320975427
8.938486816588755 8.684766121180528
8.738267990701999 8.884022333068007
8.64534950478161 8.971626120500266
8.338417762587683 9.178306293805411
8.108092620553833 9.318048828650637
7.9224117611216265 9.412760441556603
7.76566556481526 9.485872139482673
7.496455772645156 9.59240909451003
7.001623946402541 9.780856711468495
6.65001207152944 9.878956174731847
6.461090223606951 9.911640730632385
5.905973800934761 9.958347158432826
5.57523725122564 9.97044867653298
