101
4.828186455828069 9.941607526257524
4.433508828858837 9.900811767798514
4.2258793504285395 9.874471075242385
4.043054603180654 9.834567518781798
3.901296008939401 9.799383922002015
3.602939496227359 9.703733171419756
3.388072626894456 9.613546730601277
3.1177060753788135 9.479949938359214
2.9337731733299357 9.388762728242245
2.1980403901043664 8.949488980730276
1.7297742218541778 8.653418469222801
1.4214967462592298 8.433805550179313
1.3283813838417702 8.35320305332605
1.2399816294467647 8.273588955790924
1.1625152174856002 8.177705609783766
0.9930585080276466 7.916100004716167
0.8974092547236345 7.740864121566872
0.679721182553712 7.310440663605076
0.5145819604118418 6.923334587354672
0.4283276358464472 6.718448671015601
0.3425304205333912 6.325512112719425
0.29183637105061 6.0141963053785465
0.20611753275676548 5.476316696285368
0.14973238849721904 5.117936538248868
0.1089863277744818 4.838396975063555
0.09609077355728024 4.743938929412028
0.08424921733514168 4.65056864029706
0.11747361720657823 4.436385116656805
0.18710688495210626 4.095811224825384
0.23233606918219185 3.906359773824798
0.26724189575974666 3.780261319737864
0.4578369068050614 3.1069741424432773
0.5812012738901362 2.6863517105275427
0.7411786424643296 2.3514966411058746
0.7988021479075536 2.2324965712999703
0.8269971188850178 2.184374555576105
0.8430619506962711 2.1592899125753986
1.1032802495864202 1.773262434229076
1.2880451473660826 1.5517989167610835
1.5183919634056298 1.2994966915708783
1.6650081913072579 1.142195949397058
2.0604395089814442 0.7205652303694554
2.2860109489747824 0.5486952605105666
2.448600841227977 0.43444711207126563
2.5463756574489516 0.38412082939304426
2.960460143172625 0.194197946620831
3.588931438730815 0.15452835688482103
3.791751916013956 0.14216253998345474
4.018230566182126 0.130213357525637
4.255592119418068 0.12201655115968824
4.495387215870759 0.11817922445667484
4.61065655616904 0.1458614921542456
4.679614400764143 0.16480314205688962
5.162431270530082 0.30982790363867974
5.3711202783118726 0.3742669775377139
5.848326164902007 0.5226030923695468
6.43578514254902 0.7260370559781493
6.713358723603767 0.83613794438396
7.0919946735967425 1.0014665118103494
7.701269467853518 1.2810910973321321
7.770938824326278 1.3135410083292964
8.086575560160751 1.4693038627611432
8.447798838628792 1.668960367366693
8.485430968202172 1.6902914669604907
8.768576412744848 1.885587531759424
8.856438930241959 1.9663810744721366
9.018894030422478 2.1243599419246415
9.320943495758037 2.4868143065451065
9.40748648372724 2.607853585323997
9.642009528756123 3.153865897366236
9.853468240111017 3.6525951015617886
9.88182608595702 3.8390972068798623
9.91748759078919 4.118134811271141
9.97287830237105 4.615625995330754
9.976638398624427 4.657651652509504
9.951518062859092 4.838052460210558
9.947080774605974 4.866529370509581
9.928988296596174 4.980724121026853
9.803903320900067 5.653880253382308
9.74025648874359 5.926706433202003
9.671773408164594 6.117543730240382
9.546755427769535 6.433445103037972
9.527312337018392 6.477126655580239
9.450814547588893 6.647482033097733
9.365534426041439 6.815442164622358
8.960958529747924 7.577488948275862
8.92517759250273 7.637538260602531
8.771424193744886 7.8574348964310845
8.464283880172463 8.231255502231448
8.459068848801252 8.237572110909786
8.447869871213404 8.250961545605596
8.417940274983861 8.28160667872557
8.189609536279441 8.501611874678797
8.089819378679788 8.594750804388475
7.421761802189984 9.184069703632312
7.378052311574995 9.215727828365386
6.939211925866722 9.452941016381596
6.687617282447848 9.564703143423417
6.502029934404508 9.621940425599437
6.350829249518194 9.665401221033338
5.118480875021085 9.92757150768531
