101
5.421110842935483 9.858540977047674
4.832549128980367 9.83429028366329
4.5221490851614385 9.803635200592474
3.817479223085801 9.718422861759503
3.544113103504889 9.660907704130947
3.130692695595789 9.556095081906415
2.8139990352601743 9.445309502444173
2.1936818213738443 9.175172168657413
1.7942867672013973 8.99708191502944
1.42863279363586 8.760189458123795
1.3148812031480506 8.682860136716345
0.9460746054244562 8.347236890513528
0.8316961870795381 8.215423882984197
0.6663333413232819 7.897202120546756
0.5718839990992342 7.7152872872184
0.4684572795533426 7.514088868743466
0.41425255055500876 7.398982056863649
0.31924187033342544 7.19326325567491
0.195045770287956 6.884746035156538
0.1504481034636429 6.758071483232514
0.12025943544905937 6.616135897423867
0.10916792787753482 6.43943754064221
0.10948074051788437 5.893163462740682
0.11136494228868421 5.688332181541165
0.15102098936409125 4.874784520248474
0.17479261304450766 4.44684872207843
0.2817993941726493 3.950846951442304
0.5425705899353939 2.895725575988232
0.5763467888739693 2.7672075496150796
0.5873546718330513 2.725817612806437
0.6842562476631575 2.3863115121250313
0.7295996922947368 2.2723622716701977
0.7772202723294441 2.173598365261892
0.9648739618405477 1.842650649765517
1.1430761635935027 1.6516320692611575
1.3070792534738884 1.4824070661952304
1.36447778523068 1.4247582731401043
1.4540611013477223 1.3354063273795935
1.6694102642589992 1.1214882669611326
1.7110702403209765 1.0826205417272394
1.9267195527893843 0.9324671655193106
2.2521406361696616 0.7156806393569315
2.4242366750383537 0.6011013334359738
2.4638355705856463 0.5768882896447247
2.7277472595491448 0.41635191522616855
3.170111890622832 0.17432497728305907
3.321174258092169 0.09725830647897338
3.5884429435410548 0.0667125497878307
3.8325439467403175 0.039543175704374045
4.017464291552808 0.020002435941678387
4.447817883736152 0.01089702445983054
4.597553243972325 0.015968576366407472
4.701467651192956 0.021631253211633616
5.181460530132515 0.060808315841258676
5.512297775002559 0.10278170550731991
6.072114106883122 0.18362512118335617
6.410902568048193 0.23470584324556065
7.3195823126894 0.4402205795901759
7.454007356856714 0.47338178639213524
7.9277091197536755 0.5990570965004238
8.408482888493262 0.756034982751127
8.866856436702415 0.9381337257912103
9.078271164080324 1.0498807282565614
9.128516189635247 1.0813173704677004
9.178034727411546 1.1438034109230244
9.207172244370001 1.1853838309008746
9.29979109266757 1.3635827498668573
9.313742034639253 1.3948967715533533
9.486174519670028 1.7828118817086347
9.49193659038182 1.7971330283714904
9.53435845348923 1.918195614526944
9.657666917205818 2.3938436876308735
9.712510966294305 2.6670925162706705
9.803911677423699 3.1591205233223993
9.843140698101578 3.3949271625826505
9.89427103630405 3.7624591907107243
9.905625490487695 3.9054112027107157
9.922854453190022 4.328088886025114
9.91927012915055 4.517643384012416
9.883829677976228 5.347335954563965
9.855858822319611 5.690563226428113
9.768941345512518 6.264473835857153
9.72042001762193 6.48731657259961
9.622689663214501 6.761893350880087
9.502202343222475 6.981567036329718
9.289383315109024 7.359777426090713
8.96154053834586 7.874647790779554
8.746880989617745 8.153277587622245
8.64374699495429 8.285369515708435
8.42068209943623 8.56809557442279
8.39748544536475 8.589401280447548
8.191362432703531 8.777346276928666
7.946168895401248 8.959891219689297
7.6176082002005465 9.132296855595094
7.577800029748434 9.152340344184353
6.799605432859034 9.509670847431382
6.518364261653095 9.634600011508923
6.187354155641346 9.722223998747873
6.020585251008514 9.764321617303512
5.917269059199363 9.788031260238984
5.764257283788108 9.814654657502942
