101
3.136742475999008 9.997184548987835
3.043709638966817 9.989018722231856
2.883676895961147 9.974646942613422
2.5385178789178675 9.885129108391475
2.3804131713730525 9.808166971988644
2.2484814186242827 9.74112763561433
1.8462208482263975 9.468364360051254
1.547845395500429 9.252756446622225
1.5084007943118016 9.220667026733668
1.003475031978539 8.718547398682047
0.8492655297808405 8.545392631340091
0.8069419203115102 8.486489529183718
0.7348654488857675 8.383158264227877
0.6771248926245532 8.27174060611416
0.6028025376101198 8.116193506696792
0.5333488765532479 7.944281015680597
0.3626578366149946 7.391601680703134
0.249714013181902 6.9986690327347905
0.18183648701535327 6.659877981349082
0.1484736647748086 6.456860851156575
0.14688592502968167 6.4459886891041975
0.06343901632737348 5.801357689817699
0.03153101500935285 5.226123266197456
0.024903663793142128 5.026648924965117
0.026557213953487535 4.700170833160962
0.04999162191991591 4.1643062738601975
0.054725220288499576 4.126205943544777
0.2827548206428676 2.9739968419992415
0.30473684592869255 2.8845985263260987
0.4367581522969277 2.4510010916645877
0.4927702843573123 2.2734682577983314
0.5415989563786727 2.1591692171140475
0.6576827625904591 1.989570370382594
0.739739852831135 1.8832089337294489
0.8464361574166235 1.7970843336632059
1.3059454703545115 1.426293282877652
1.789481573334868 1.0553917379910394
2.0170674652950513 0.8826207943213915
2.247667336316436 0.7345764578917158
2.532651362839009 0.5647266894239356
2.618252281745852 0.5366755451850358
2.9312929814732422 0.4501764442315992
3.0802799377599643 0.41439018942120764
3.2039148919960603 0.39080563657685086
3.3372990347698153 0.3661316487874
3.444653077264701 0.3464948334307305
3.7595172847924605 0.32106037804866205
3.9442077035545764 0.31781702732167405
4.02580328434185 0.32004973322598884
5.3507794109329065 0.37676746911125547
5.911262994878266 0.42165904468543847
6.3985384625947574 0.4610877102926525
6.715849308809761 0.5092578572498929
6.956084065450693 0.5488159631581213
7.1244515275759746 0.5924030294890814
7.285417378096694 0.6346459076855837
7.729049220395913 0.7962932192897798
8.364029297099924 1.1068716988611527
8.62646655023436 1.2638051397220784
8.869576566769483 1.4538580460496042
8.913000890358907 1.4896582630615507
9.20919233198768 1.756696091303288
9.328633937576395 1.904357319539497
9.505305171897726 2.1325853776878443
9.571721277937694 2.251529338199866
9.615055821616378 2.368671021073884
9.748865966765308 2.7313466986284816
9.805127051881762 2.942157325987603
9.778663819515339 3.4317529577178862
9.635579159524639 4.465442552942406
9.615825415677964 4.580744071552894
9.486750051793127 5.311617480766323
9.430548632011494 5.627654916489563
9.37914064696122 5.829940051057135
9.355429865987468 5.919278948222759
9.28367700598454 6.186598146092781
9.191378320736685 6.462263045151751
9.138915079035343 6.590840330484783
9.093116799763582 6.69325911017992
8.977834988102092 6.873080682279782
8.775560298448895 7.141623743815306
8.31878020549015 7.7152024667405215
8.073383530357006 8.014632078454644
7.954092020442413 8.151463525705685
7.800807555561724 8.326424415080535
7.473372535547426 8.678722577863713
7.383624428277167 8.770104828715878
7.325379684112299 8.818686676666843
7.208483521996774 8.911353268575894
6.932131256687747 9.081089599599473
6.656540030406167 9.244899706721844
6.5866853463625965 9.285969232376365
6.487948349029713 9.34239873270206
6.085104768952626 9.519539599119813
6.063650220079515 9.528826745630017
5.810868688945936 9.638060253079853
5.367976325872701 9.748120344595279
5.169028786179734 9.787783498478435
4.9267949477777675 9.823717975061934
3.5827091130470814 9.983451481001207
3.378513598104931 9.992228288566467
