101
5.389562754758794 9.983516223738206
5.30358437487237 9.983469506250305
5.220699491741783 9.980553326323454
5.1330482510531175 9.966756730763697
4.630999898470981 9.872720844251793
4.499890377925821 9.835369413340542
4.246701512049627 9.760541992519485
3.904777578647093 9.657287884234954
3.6219688809808757 9.554887608814525
3.5472402896798405 9.525035096475778
2.6117084295658555 9.08033656942136
2.2322322332958686 8.847108162832548
2.065187616034345 8.744076479532188
1.9773624603486406 8.685011474406227
1.9712846581766652 8.680890199204356
1.9539897541147921 8.666900662417396
1.7806394599270936 8.519049398045928
1.290566927304646 8.088627317937016
1.2509520743607005 8.052007944956372
0.8726655912731041 7.6214748390582185
0.5561563433692318 7.155551039510391
0.44581186810551343 6.929280997837984
0.36084286595681303 6.732040828715908
0.22592135540802416 6.1791242161254045
0.1892330637493178 6.02691480288413
0.16815509969342113 5.918545631756
0.12564920479102737 5.633853349705499
0.10655875460108044 5.000029171956245
0.11840304484841302 4.767547349949791
0.14035366419207995 4.417746563595802
0.17732190505651557 4.219094376270769
0.32776796615999304 3.502509192417922
0.45714560184063724 3.0548104184250047
0.5272113922677246 2.8989864639318297
0.6211300225466798 2.695240208266588
0.858984493876016 2.1807850145127805
1.0531556179781176 1.8656597228010607
1.1543630633602875 1.764224139188798
1.5162082099648244 1.4248728268651056
1.5737294574080318 1.3824996007755463
1.925562184610402 1.1349987285094787
2.1835765278969257 0.9891643545041906
2.530616028719143 0.8034244420580261
2.6303756477251516 0.7584958684677323
2.8430289687125865 0.6758477405691554
3.005049998615444 0.6192796359882602
3.43255874740499 0.4895795241601908
3.5639260909270765 0.4511930833740885
3.9656007490687584 0.35994967084730267
4.309545749968824 0.29217189934860444
4.703639139392129 0.2236659587543277
4.837997093298542 0.20929309314082767
5.285928353877523 0.18410450178337312
5.738183844578772 0.1714673372823705
6.260646079850423 0.15967164825457458
6.530883802802254 0.15476341910635516
6.958972951600644 0.1498173308726225
7.075073677948293 0.1531314409637552
7.129676183347745 0.15888483686373966
7.407902972755104 0.19046833255826678
7.758640934633172 0.2353962378315555
7.786328001334329 0.24264911735530026
8.012671217302112 0.3478441045585634
8.497171307725926 0.5748100544356649
8.610442598915215 0.6330246704683962
8.768619667395289 0.7208758689582639
8.933026563865393 0.8254309087582368
9.244623377905608 1.3637639385848022
9.361396489060736 1.5720255362635704
9.371135937603938 1.5948544823537802
9.410710870718273 1.6949481301377711
9.44326940342135 1.7854473286140826
9.57612660758538 2.1600277972285187
9.636387431873096 2.3403042568913257
9.833187842359411 3.0075767314988733
9.880733220364831 3.339601755616183
9.941526365071038 3.864758395130008
9.950213081658587 3.971713213845093
9.98541951304787 4.851669663326939
9.988475885949311 4.95952585633329
9.96246402888516 5.750862377501864
9.952390650203993 5.8495779802499035
9.891046591764308 6.430091840279877
9.83489484755983 6.887324894015627
9.756176415267584 7.327290630089884
9.584083729815122 7.79622374211569
9.555539454172585 7.857401778396883
9.433954951914087 8.04907412376836
9.318778181722056 8.229022256257766
9.229016909812438 8.311347035378345
9.071736618306169 8.449350233887163
8.512882871893636 8.876274652248778
8.43701257561137 8.927420404033612
8.23277525067221 9.040801099840772
7.600443956999197 9.383675269829386
7.429852075616794 9.467462651103958
6.974884581309313 9.687874376787057
6.854252966580051 9.745350476474131
6.451102028060887 9.884099599871343
6.161301512178117 9.92738930064552
5.667432656750061 9.97489019869959
