101
6.70659607036781 9.921022070352764
5.706802636138106 9.903092063437995
5.299647366618146 9.891691074370009
5.09294423602625 9.88202437986509
4.701796167366944 9.857122219152307
4.507811095091384 9.844656008762216
4.0785656731799165 9.813948397385182
3.9639614768376075 9.787563000899222
3.3179339978620606 9.635313956867401
2.9247850441625123 9.541134548636093
2.479291497144629 9.409449425032944
2.079487010244229 9.269877403090433
1.8594365767911458 9.15471014992394
1.7055170491620975 9.034340538036114
1.436819762357756 8.805982894441748
1.2084702486312293 8.534915056764184
0.9994949077746773 8.282250564004304
0.9118214632214117 8.15988263795383
0.3823014221383314 7.3226881453432355
0.2571496669524065 7.08798507063589
0.19165528371284601 6.91201467370377
0.1558115153489048 6.8026443781978285
0.12429202092077651 6.645231060869233
0.07380372345161312 6.137295201863137
0.031542855564089534 5.709354900368361
0.026837277567859363 5.627355724985655
0.014620608502063925 5.230019824141474
0.016191749829735924 5.117354322906525
0.018563650779485075 5.008192171875195
0.04283859018785807 4.857124317035387
0.08988417620199196 4.565118918022368
0.11681629421469553 4.4000462188175575
0.19558390642005374 4.0481658237003995
0.30490644666097966 3.644770740388817
0.37644518731168475 3.3824682840940645
0.6343690730261564 2.615376544621042
0.7274501158111923 2.3451999482402552
0.8813919729181552 1.9225073240004853
0.9447606946604103 1.7987339881225162
1.134809895547667 1.47839049291427
1.359313208529842 1.105926858591646
1.4886481384570627 0.9645224129049579
2.123434119431985 0.459044575455575
2.345824376615042 0.3032633667465712
2.5372602883262507 0.19468745969810075
2.621952126494235 0.16843190292151755
2.862352002265569 0.1201933272053779
2.9598624963188924 0.10578970753634898
3.4597073518967782 0.09050844407968661
3.868323167889174 0.07855076037589726
4.197648223528613 0.0928787179837276
4.769720459301961 0.1471734147547843
5.2625963652128105 0.2378584923080218
5.57829997945076 0.30020113017248495
6.432163044439046 0.47348369359805575
6.631446856706007 0.5347161822748836
6.842618584479679 0.6245169757215319
7.347490078802412 0.8593593388967147
7.717263540238198 1.0680572572821112
7.912216573938292 1.2257949038269444
7.972336354567252 1.2834187358250815
8.055301045633701 1.363503877689397
8.366634214963172 1.7009657299256153
8.673418073446609 2.0764797553842773
8.811420674268891 2.2746654847792556
8.841947811784566 2.321546124625055
8.886180354271058 2.3930218091784106
8.94540153267802 2.4888468349843986
9.023168184994145 2.6181194453289294
9.081476996131498 2.7396954084601255
9.182073036324805 2.9672555057172687
9.260182255299796 3.1567181696780136
9.300262163807306 3.2772252954454864
9.579946861465725 4.158999501253746
9.62553061240001 4.348681191816213
9.636674839670391 4.396378614600467
9.674936390775041 4.6266841970269805
9.679610382206551 4.678934995691883
9.679504886067882 4.94839052867126
9.67804125553192 5.320964218400776
9.674341054957008 5.48610030324231
9.646683127745828 5.9947503450159765
9.594266597166124 6.661190692567455
9.558379680977056 7.018991287232991
9.542192180430002 7.138308279878599
9.509246625101929 7.257580874730815
9.392609851050565 7.656781909051562
9.298342128846167 7.903860471296197
9.060942894346093 8.313962715923967
8.940393345494957 8.518582016614172
8.86244098960307 8.64406155190331
8.81308986683912 8.71487483607595
8.494066768580117 9.131616406448307
8.217513360992703 9.413635391476445
8.05313481713711 9.579942115969565
7.947503491283795 9.686779812056344
7.803595512211316 9.755850563018654
7.695180689651499 9.802515492135623
7.6783636342886155 9.808428383336791
7.257891241848884 9.893756046748042
7.1492094974401486 9.901052807969771
