16
-100.0 0.0
-169.99650002916655 0.6999883333916666
-239.98250049582697 2.099895001924982
-279.2280231358205 9.832226649866485
-259.9510028582562 82.40296036234417
-189.98250049582703 84.50264537651887
-119.99650002916657 85.90255204505219
-50.0 86.60254037844386
50.0 86.60254037844386
119.99650002916657 85.90255204505219
189.98250049582703 84.50264537651887
259.9510028582562 82.40296036234417
279.2280231358205 9.832226649866485
239.98250049582697 2.099895001924982
169.99650002916655 0.6999883333916666
100.0 0.0
