16
-100.0 0.0
-179.99600003333322 0.7999866667333332
-259.98000056665944 2.3998800021999793
-309.03690386665136 12.065294562126855
-289.9440032665785 81.80302036004423
-209.98000056665944 84.20266037624388
-129.99600003333322 85.80255371171053
-50.0 86.60254037844386
50.0 86.60254037844386
129.99600003333322 85.80255371171053
209.98000056665944 84.20266037624388
289.9440032665785 81.80302036004423
309.03690386665136 12.065294562126855
259.98000056665944 2.3998800021999793
179.99600003333322 0.7999866667333332
100.0 0.0
