22
99.9200106660978 3.998933418663416
149.8575236858461 6.497891882197332
199.7675506826063 9.496092206169562
249.64510069527026 12.9932345730462
298.1576262499459 25.09839315552405
284.98821544490863 47.55251856992837
235.02844551203967 49.55785850490194
185.05112048172273 51.063508800972315
135.06123804481325 52.0693188943646
85.06379714789684 52.57518820490762
0.0 52.58518820490762
-85.06379714789684 52.57518820490762
-135.06123804481325 52.0693188943646
-185.05112048172273 51.063508800972315
-235.02844551203967 49.55785850490194
-284.98821544490863 47.55251856992837
-298.1576262499459 25.09839315552405
-249.64510069527026 12.9932345730462
-199.7675506826063 9.496092206169562
-149.8575236858461 6.497891882197332
-99.9200106660978 3.998933418663416
0.0 0.0
