34
99.9200106660978 3.998933418663416
129.88251847794677 5.498308496783766
159.8285346760029 7.297228691167104
189.7550646836013 9.395514111293085
219.65911587267988 11.792954930368266
249.5376978630397 14.489311406308598
279.3878228213805 17.484313905713442
309.20650576008137 20.777662930828686
294.8528671071655 44.15444486530495
264.92658397832633 46.256248398596384
234.9807794661403 48.05868899898742
205.01844812610386 49.561586423920055
175.0425861663825 50.7647903849042
145.05619114819237 51.66818056254643
115.0622616860467 52.271666618581804
85.06379714789684 52.57518820490762
0.0 52.58518820490762
-85.06379714789684 52.57518820490762
-115.0622616860467 52.271666618581804
-145.05619114819237 51.66818056254643
-175.0425861663825 50.7647903849042
-205.01844812610386 49.561586423920055
-234.9807794661403 48.05868899898742
-264.92658397832633 46.256248398596384
-294.8528671071655 44.15444486530495
-309.20650576008137 20.777662930828686
-279.3878228213805 17.484313905713442
-249.5376978630397 14.489311406308598
-219.65911587267988 11.792954930368266
-189.7550646836013 9.395514111293085
-159.8285346760029 7.297228691167104
-129.88251847794677 5.498308496783766
-99.9200106660978 3.998933418663416
0.0 0.0
